0,397
0,396
0,395
0,394
0,393
0,392
0,391
0,390
0,389
0,388
0,387
0,386
0,385
0,384
0,319
0,318
0,317
0,316
0,283
0,243
25,52
25,51
25,50
25,49
25,48
25,47
25,46
25,45
25,44
25,43
25,42
25,41
25,40
25,39
25,38
25,37
25,36
25,35
3,1
3,3
10,224
10,28
10,34
10,294
10,236
10,290
10,106
10,156
11,13
11,4
11,11
11,7
9,7
8,13
8,14
8,10
8,11
24,3
24,2
24,1
24,0
17,3
20,2
20,1
17,2
17,1
16,3
20,3
16,2
16,1
15,3
15,2
15,1
14,2
13,2
12,3
19,2
19,1
12,2
12,1
11,30
11,29
11,28
11,27
11,26
11,25
19,3
11,24
11,23
11,22
11,21
11,19
